1 487.806
2 248.311
3 213.811
4 204.999
5 195.905
6 179.414
7 187.038
8 184.975
9 180.357
10 182.926
11 166.995
12 190.679
13 170.882
14 202.672
15 181.853
16 200.438
17 197.017
18 163.376
19 165.391
20 188.31
21 172.524
22 167.884
23 181.977
24 184.036
25 212.718
26 189.065
27 185.399
28 185.673
29 186.15
30 160.918
31 161.561
32 165.476
33 183.942
34 169.785
35 189.325
36 165.103
37 163.001
38 185.16
39 172.368
40 185.714
41 182.239
42 178.316
43 178.709
44 186.18
45 183.557
46 183.544
47 199.286
48 184.75
49 187.131
50 184.849
51 188.784
52 187.415
53 183.757
54 173.325
55 175.071
56 173.619
57 178.407
58 177.606
59 197.599
60 174.457
61 175.387
62 179.874
63 174.964
64 184.679
65 190.276
66 184.803
67 174.003
68 174.468
69 177.802
70 184.915
71 185.007
72 175.344
73 179.376
74 178.516
75 175.482
76 177.349
77 176.258
78 175.056
79 177.783
80 180.71
81 177.491
82 194.177
83 187.673
84 182.249
85 184.531
86 182.598
87 183.372
88 216.372
89 195.094
90 191.996
91 188.24
92 189.067
93 202.085
94 195.819
95 196.606
96 193.768
97 190.427
98 193.922
99 179.632
100 177.048
101 179.777
102 177.307
103 177.221
104 179.746
105 202.479
106 188.84
107 185.156
108 178.805
109 186.486
110 181.791
111 178.023
112 180.379
113 184.985
114 187.179
115 186.02
116 208.326
117 201.817
118 191.029
119 202.855
120 189.911
121 185.781
122 182.736
123 184.322
124 185.726
125 185.738
126 184.83
127 195.31
128 195.006
129 185.475
130 183.309
131 183.774
132 194.444
133 189.782
134 185.087
135 191.987
136 187.781
137 184.433
138 187.069
139 208.135
140 192.851
141 193.086
142 192.421
143 192.348
144 192.945
145 192.606
146 197.276
147 194.556
148 194.007
149 198.203
150 193.592
151 179.695
152 183.332
153 185.672
154 186.558
155 184.941
156 181.282
157 184.843
158 188.803
159 189.736
160 193.099
161 200.214
162 180.463
163 187.031
164 191.946
165 196.544
166 188.575
167 190.235
168 186.004
169 185.045
170 188.085
171 183.716
172 209.766
173 186.601
174 218.145
175 186.698
176 190.534
177 186.946
178 183.055
179 185.274
180 185.21
181 183.045
182 231.045
183 239.055
184 198.771
185 198.477
186 207.096
187 211.51
188 206.798
189 295.05
190 213.873
191 208.951
192 213.477
193 227.356
194 207.083
195 208.031
196 209.602
197 201.251
198 239.884
199 208.138
200 206.002
201 195.845
202 219.296
203 256.542
204 213.603
205 199.27
206 204.471
207 204.099
208 261.776
209 253.015
210 281.031
211 239.315
212 282.167
213 249.828
214 232.376
215 212.947
216 220.243
217 250.206
218 213.924
219 249.269
220 277.455
221 238.578
222 233.932
223 220.206
224 216.71
225 214.181
226 208.414
227 217.363
228 232.402
229 230.002
230 237.466
231 215.382
232 288.928
233 273.831
234 236.193
235 225.348
236 302.532
237 254.59
238 233.25
239 250.909
240 221.502
241 232.411
242 220.686
243 215.542
244 268.121
245 247.75
246 216.788
247 223.544
248 243.181
249 231.153
250 315.986
251 248.075
252 223.1
253 220.454
254 233.712
255 221.453
256 208.402
257 211.911
258 228.244
259 215.722
260 205.765
