1 424.887
2 156.742
3 103.008
4 104.538
5 100.62
6 98.6851
7 113.993
8 98.6513
9 86.6024
10 73.5883
11 73.2946
12 61.9508
13 59.0771
14 59.3107
15 53.7471
16 56.9191
17 49.3226
18 52.8445
19 47.2067
20 51.8246
21 45.4789
22 51.5713
23 42.5628
24 49.0506
25 39.4097
26 38.4786
27 39.0385
28 37.0929
29 35.9848
30 40.5338
31 32.8987
32 28.246
33 31.1005
34 31.0981
35 30.0513
36 29.985
37 29.6015
38 30.0508
39 33.4127
40 33.4972
41 34.1032
42 30.7124
43 27.8394
44 26.3996
45 26.243
46 24.5935
47 25.5847
48 20.6679
49 23.7146
50 22.8048
51 23.2945
52 23.4059
53 23.5898
54 24.1719
55 23.6675
56 24.7678
57 23.3828
58 21.8507
59 32.8333
60 25.5279
61 23.4496
62 22.1916
63 21.2789
64 16.2538
65 21.8807
66 19.7142
67 19.587
68 20.1421
69 20.0777
70 19.3689
71 21.2917
72 18.1951
73 21.319
74 18.8791
75 18.7596
76 17.8167
77 18.4965
78 19.3974
79 18.4736
80 16.8293
81 20.7276
82 24.5277
83 23.3504
84 22.0683
85 24.9034
86 25.2446
87 23.0409
88 19.5594
89 20.3554
90 18.5274
91 16.4468
92 15.2379
93 14.7644
94 15.2995
95 15.2305
96 12.558
97 15.4309
98 15.3177
99 15.227
100 15.347
101 15.0192
102 15.7178
103 15.6163
104 14.3321
105 16.7863
106 16.4483
107 15.9067
108 15.7229
109 16.7176
110 16.3428
111 15.9664
112 12.9956
113 15.9377
114 17.946
115 20.9133
116 17.4873
117 18.5564
118 17.1692
119 15.0651
120 16.5508
121 15.2457
122 15.9032
123 15.0092
124 14.9556
125 14.4609
126 13.7974
127 13.191
128 11.5978
129 14.2594
130 13.6359
131 13.157
132 12.0983
133 13.4621
134 13.6954
135 13.5065
136 12.1431
137 12.2483
138 13.7854
139 13.4431
140 12.03
141 11.6137
142 13.2688
143 12.9087
144 10.6561
145 10.7606
146 12.1534
147 10.9035
148 11.3349
149 12.097
150 12.8226
151 14.0678
152 9.84698
153 11.5403
154 11.3653
155 11.2967
156 12.4616
157 12.6411
158 11.5804
159 11.7162
160 11.2663
161 9.69488
162 12.2322
163 12.2238
164 10.7134
165 11.61
166 11.6494
167 10.8635
168 10.6916
169 11.7858
170 10.3754
171 10.4992
172 11.8785
173 10.7087
174 12.113
175 11.9336
176 10.5571
177 10.8508
178 11.6689
179 11.8552
180 9.91033
181 10.538
182 9.8461
183 9.3827
184 9.81874
185 8.90447
186 10.6347
187 9.57326
188 10.333
189 10.524
190 8.16856
191 9.31995
192 7.39247
193 8.2026
194 8.26976
195 8.86322
196 8.24316
197 9.79278
198 10.3497
199 9.58991
200 9.04166
201 8.64001
202 9.2255
203 8.97988
204 9.43627
205 10.1019
206 10.1343
207 12.6135
208 10.8539
209 11.7515
210 9.2827
211 10.8416
212 10.5721
213 10.9694
214 10.5399
215 10.407
216 9.71304
217 10.5235
218 11.2327
219 8.13634
220 8.43243
221 7.51456
222 7.44567
223 6.75214
224 6.16405
225 7.05204
226 7.01251
227 8.16098
228 7.18297
229 7.60486
230 7.44973
231 7.57416
232 7.51708
233 7.93645
234 7.44014
235 6.76442
236 6.94127
237 6.4899
238 6.95812
239 7.18651
240 7.14704
241 7.93426
242 8.7602
243 8.11519
244 6.79762
245 7.17817
246 7.02222
247 8.11871
248 7.64797
249 8.2502
250 7.28622
251 7.3987
252 7.8921
253 7.25463
254 7.83028
255 7.53225
256 7.27162
257 8.25568
258 7.31131
259 6.91767
260 7.07043
261 7.01869
262 6.71964
263 6.85201
264 6.38747
265 5.98906
266 6.72359
267 6.56158
268 7.34389
269 5.39169
270 6.75722
271 6.39171
272 6.21855
273 6.363
274 8.10684
275 5.78858
276 6.1253
277 7.93706
278 7.63368
279 10.6943
280 9.10722
281 8.08389
282 8.86274
283 7.26767
284 10.2837
285 10.2888
286 8.70074
287 9.50258
288 10.6021
289 9.73016
290 11.8841
291 6.4079
292 6.44657
293 11.1205
294 8.89506
295 11.8515
296 9.10886
297 14.4314
298 13.8985
299 11.1839
300 8.67777
301 6.3959
302 9.88908
303 7.63959
304 9.84804
305 8.11193
306 11.8476
307 6.18174
308 7.7876
309 11.2839
310 10.7238
311 9.78332
312 10.9887
313 11.1389
314 8.17197
315 10.7825
316 11.0374
317 8.43355
318 8.45041
319 10.0827
320 10.1432
321 6.89991
322 8.16186
323 7.09549
324 11.7074
325 6.05435
326 10.7966
327 8.32036
328 10.1555
329 13.1968
330 11.7518
331 9.33471
332 7.79495
333 10.026
334 9.03602
335 8.80074
336 10.9863
337 5.60383
338 10.9537
339 6.86903
340 7.56807
341 9.44583
342 8.71428
343 13.9683
344 14.3445
345 9.40804
346 10.7366
347 10.1258
348 9.29077
349 12.3549
350 11.8293
351 9.15855
352 11.3279
353 12.6537
354 10.0304
355 13.3265
356 13.4841
357 10.2845
358 12.2055
359 12.5004
360 10.3193
361 9.32243
362 10.9331
363 11.4448
364 9.71073
365 13.218
366 10.1517
367 10.9907
368 12.9144
369 18.4425
370 9.70666
371 10.867
372 11.1968
373 11.1547
374 9.65497
375 13.4895
376 11.6873
377 9.13358
378 8.00318
379 9.48346
380 6.45801
381 7.16024
382 11.0301
383 6.65364
384 12.1966
385 8.6513
386 8.82749
387 10.273
388 9.26458
389 6.82888
390 11.8365
391 5.79517
392 8.13085
393 5.91167
394 8.75843
395 7.84976
396 7.68864
397 18.9016
398 29.1816
399 18.6088
400 14.9707
401 15.2751
402 16.1455
403 16.9316
404 15.7274
405 16.5176
406 9.47367
407 9.67694
408 7.48465
409 11.8885
410 16.3005
411 9.3966
412 9.26189
413 5.13633
414 17.5782
415 10.9161
416 5.95688
417 6.87396
418 20.0766
419 4.7472
420 9.61199
421 10.3573
422 11.8566
423 11.6376
424 7.31027
425 8.82183
426 6.71801
427 10.4914
428 7.86943
429 11.528
430 6.32671
431 10.9316
432 11.5142
433 4.37998
434 4.65024
435 9.08802
436 11.6862
437 11.0881
438 5.44497
439 5.47974
440 8.91197
441 8.95851
442 5.13976
443 7.04703
444 8.03756
445 9.00403
446 7.73618
447 6.33182
448 8.63318
449 5.34765
450 6.72346
451 6.41829
452 4.8673
453 6.1373
454 7.05193
455 8.86652
456 6.09129
457 5.46528
458 10.4201
459 9.76213
460 5.97968
461 4.49053
462 8.41224
463 6.15279
464 8.01637
465 5.56314
466 10.4141
467 5.40616
468 6.32216
469 13.7519
470 8.89751
471 13.7227
472 12.5765
473 7.68287
474 9.49899
475 8.77317
476 5.64203
477 7.07435
478 6.07579
479 11.1866
480 6.41745
481 6.02622
482 11.214
483 7.57012
484 5.78581
485 4.75329
486 4.62259
487 6.3247
488 5.71126
489 4.47092
490 6.49711
491 5.3681
492 5.88891
493 5.22421
494 4.52182
495 4.24106
496 7.02585
497 4.8523
498 5.718
499 12.4404
500 10.8417
501 4.45717
502 5.23969
503 6.79796
504 7.56944
505 6.52383
506 5.20708
507 7.03664
508 6.04068
509 5.71011
510 9.19381
511 6.69357
512 5.30258
513 8.13993
514 6.05188
515 9.27251
516 5.91893
517 13.7323
518 7.26488
519 8.2195
520 8.61252
521 7.62184
522 6.58955
523 5.77301
524 6.42584
525 6.49736
526 6.29691
527 10.1432
528 7.86581
529 6.76369
530 7.38091
531 6.50447
532 6.49492
533 6.98145
534 7.18841
535 4.90372
536 6.5148
537 5.56179
538 5.06429
539 6.60558
540 4.76038
541 5.94792
542 6.5526
543 6.20167
544 8.57921
545 5.53274
546 5.00888
547 6.37952
548 4.93116
549 4.0919
550 5.88328
551 7.65588
552 5.9692
553 6.30952
554 4.53524
555 4.60527
556 5.60533
557 4.48644
558 3.60751
559 5.83879
560 7.59128
561 4.94606
562 7.15224
563 10.4856
564 5.83266
565 7.40221
566 4.95638
567 6.9322
568 3.81049
569 4.69794
570 5.6808
571 3.8773
572 3.56197
573 6.27476
574 3.96755
575 4.06186
576 3.26727
577 5.03838
578 3.79206
579 3.35841
580 3.34527
581 4.42862
582 3.41258
583 3.90184
584 4.31569
585 5.20283
586 4.32563
587 4.3337
588 3.19834
589 4.18991
590 3.47249
591 3.39986
592 3.34337
593 3.29002
594 4.02024
595 4.54974
596 6.22259
597 3.75003
598 3.78113
599 3.67064
600 3.96876
601 3.4874
602 4.60225
603 3.53661
604 3.47316
605 3.29533
606 4.73032
607 5.19816
608 3.87489
609 3.7038
610 5.35266
611 4.664
612 3.53378
613 3.34823
614 4.80152
615 4.57711
616 4.76647
617 5.47201
618 4.02836
619 4.276
620 4.19137
621 7.94297
622 4.88946
623 4.89938
624 10.8023
625 7.24375
626 5.64511
627 4.34927
628 5.08882
629 6.76839
630 6.62498
631 3.2093
632 5.81965
633 4.45329
634 4.00764
635 3.12952
636 5.96272
637 4.74563
638 3.49376
639 3.92997
640 5.3052
641 5.67115
642 3.43985
643 7.21655
644 5.86744
645 3.94148
646 5.87009
647 4.3836
648 3.30273
649 4.75312
650 5.64741
651 5.95371
652 3.48191
653 6.98862
654 4.59572
655 3.84503
656 4.74156
657 6.72148
658 3.99116
659 5.1704
660 5.01152
661 4.15431
662 3.5942
663 6.5409
664 6.94866
665 7.32149
666 6.4059
667 6.91336
668 8.24525
669 5.29019
670 5.82715
671 7.9684
672 6.08408
673 5.88048
674 5.49385
675 4.17852
676 11.2266
677 6.09549
678 8.58026
679 11.3172
680 6.42547
681 4.63856
682 4.24129
683 5.51551
684 3.8242
685 3.3851
686 3.71289
687 4.46832
688 3.48377
689 2.99225
690 3.58779
691 4.39037
692 4.05429
693 4.02316
694 2.71544
695 3.4787
696 4.78386
697 3.83421
698 2.72934
699 3.23171
700 4.50321
701 3.15399
702 3.25802
703 2.59567
704 2.82374
705 3.23929
706 3.93822
707 3.10164
708 3.39011
709 2.78267
710 3.54114
711 3.89825
712 3.40062
713 2.90121
714 2.9815
715 3.95682
716 3.30039
717 3.03953
718 2.90377
719 2.95741
720 3.75617
721 3.21852
722 3.24713
723 3.52158
724 3.75829
725 3.65699
726 3.67742
727 3.8736
728 2.7287
729 2.77559
730 3.61218
731 2.51652
732 2.8915
733 2.61702
734 2.67569
735 2.51504
736 3.40506
737 3.77539
738 4.48078
739 2.52929
740 3.0639
741 4.63477
742 4.59782
743 5.15142
744 2.82501
745 5.21617
746 2.86774
747 2.42783
748 2.54308
749 2.37163
750 3.44959
751 4.36882
752 5.11955
753 2.95093
754 3.82158
755 3.21578
756 3.75262
757 3.2111
758 3.06009
759 4.54097
760 3.59174
761 2.48086
762 2.60869
763 3.18598
764 3.17551
765 3.30231
766 3.97876
767 3.48086
768 3.1477
769 3.52165
770 3.85675
771 3.13062
772 3.12298
773 2.83234
774 3.33347
775 2.65458
776 2.68355
777 2.42136
778 2.48332
779 2.51115
780 2.757
781 2.80514
782 3.30869
783 3.04616
784 2.88912
785 2.74016
786 3.53171
787 2.92617
788 3.46985
789 3.13799
790 2.71541
791 2.93673
792 2.98343
793 2.57332
794 3.06968
795 2.89924
796 2.89859
797 3.53821
798 3.43759
799 3.38942
800 2.87372
801 2.49529
802 2.95408
803 3.35422
804 3.51023
805 3.43655
806 4.52853
807 3.22098
808 2.97402
809 2.86859
810 3.0269
811 3.05846
812 3.65065
813 5.31565
814 4.31991
815 4.16233
816 3.67224
817 4.39177
818 3.22551
819 2.51097
820 2.64088
821 2.78395
822 4.13861
823 2.84635
824 2.6953
825 2.55837
826 2.67728
827 3.31296
828 2.85637
829 3.50787
830 3.13956
831 2.70826
832 3.29444
833 3.34868
834 3.23321
835 2.97955
836 2.76778
837 2.30842
838 3.2087
839 2.32916
840 2.46458
841 3.24516
842 3.24382
843 2.83292
844 3.30959
845 3.33825
846 3.17945
847 2.58333
848 2.70599
849 2.97076
850 3.19156
851 3.07484
852 3.14768
853 2.61067
854 2.38987
855 3.39493
856 2.58186
857 2.53458
858 2.79729
859 2.82418
860 2.73557
861 3.25594
862 3.21618
863 3.69774
864 3.12127
865 2.48006
866 2.84516
867 3.0021
868 3.87564
869 3.89718
870 3.21477
871 3.79617
872 3.0836
873 3.35576
874 3.07932
875 2.68922
876 2.93999
877 2.82947
878 3.11977
879 3.0051
880 2.85988
881 2.50667
882 3.34902
883 4.16451
884 4.32426
885 3.25697
886 2.70922
887 3.45053
888 2.55553
889 2.7748
890 2.56225
891 2.72718
892 2.5768
893 3.5739
894 3.4108
895 3.23843
896 2.58274
897 2.4395
898 3.28011
899 3.63856
900 4.00653
901 3.47202
902 3.13093
903 3.62481
904 3.03873
905 6.55752
906 3.03186
907 3.11918
908 2.99267
909 3.25584
910 3.14122
911 3.04422
912 3.53765
913 3.78997
914 4.56252
915 2.551
916 3.2889
917 4.1755
918 4.29819
919 2.52988
920 2.6226
921 3.12208
922 3.48129
923 2.7142
924 2.74178
925 2.4464
926 4.01471
927 4.5615
928 4.53864
929 3.99454
930 3.8539
931 6.19803
932 4.24588
933 4.64203
934 3.83956
935 6.62144
936 3.25422
937 3.82203
938 6.09423
939 5.05585
940 3.65668
941 2.47754
942 2.2483
943 3.94109
944 3.29811
945 2.32571
946 2.25838
947 2.35352
948 2.18411
949 3.37575
950 3.06872
951 3.51777
952 2.97513
953 3.06306
954 3.46477
955 2.49666
956 2.71609
957 2.66252
958 2.81217
959 2.93961
960 3.83686
961 3.5821
962 2.76707
963 2.58645
964 2.92653
965 4.04199
966 3.21939
967 5.00869
968 4.78054
969 4.5385
970 3.51167
971 5.08123
972 6.65609
973 3.95371
974 2.82537
975 3.61978
976 9.1205
977 4.91836
978 4.78913
979 3.44465
980 5.19731
981 3.35506
982 3.00895
983 2.89667
984 5.86845
985 2.76249
986 2.91496
987 2.79353
988 2.87146
989 4.85661
990 3.13455
991 3.05111
992 3.58947
993 3.29275
994 3.39139
995 3.36669
996 2.93217
997 2.96938
998 3.3767
999 4.48183
1000 4.66812
